4445 1 0 1 0
4445 1 0 1 0
4445 3 1 1 1
4445 0 0 0 0
5334 2 2 0 0
4445 0 0 0 0
5120 2 2 0 0
5107 4 3 0 1
4890 2 1 1 0
4001 1 0 0 1
4001 3 1 0 2
4445 1 0 1 0
4445 1 0 1 0
4445 0 0 0 0
4445 0 0 0 0
4445 0 0 0 0
4890 2 1 1 0
5270 3 2 1 0
4373 2 1 0 1
4365 2 1 0 1
4361 2 1 0 1
4445 0 0 0 0
4890 1 1 0 0
4890 2 1 1 0
4890 3 1 2 0
4890 3 1 2 0
4445 1 0 1 0
4445 0 0 0 0
5779 3 3 0 0
4445 0 0 0 0
4001 1 0 0 1
4890 1 1 0 0
4001 2 0 1 1
4445 0 0 0 0
4445 0 0 0 0
4445 1 0 1 0
4445 3 1 1 1
4890 1 1 0 0
4445 0 0 0 0
5334 3 2 1 0
4001 1 0 0 1
4445 1 0 1 0
4001 2 0 1 1
4445 0 0 0 0
5334 2 2 0 0
4001 3 1 0 2
4001 1 0 0 1
5334 4 2 2 0
3556 2 0 0 2
5334 3 2 1 0
3556 3 0 1 2
4445 2 0 2 0
4445 0 0 0 0
3556 4 1 0 3
4445 5 2 1 2
3556 3 0 1 2
4445 4 2 0 2
4890 1 1 0 0
4445 0 0 0 0
4001 4 1 1 2
4001 3 1 0 2
4445 3 1 1 1
4445 4 2 0 2
5117 2 2 0 0
4890 1 1 0 0
4445 2 1 0 1
4445 1 0 1 0
4445 0 0 0 0
4890 3 1 2 0
4445 3 1 1 1
4445 1 0 1 0
4001 1 0 0 1
4001 1 0 0 1
4445 0 0 0 0
5334 2 2 0 0
4890 4 2 1 1
5334 3 2 1 0
4890 2 1 1 0
3556 2 0 0 2
3112 4 0 1 3
4001 4 1 1 2
3556 2 0 0 2
3556 4 0 2 2
4445 3 0 3 0
4001 2 0 1 1
4445 0 0 0 0
4001 1 0 0 1
4445 0 0 0 0
4445 0 0 0 0
4445 1 0 1 0
4445 0 0 0 0
4001 1 0 0 1
4001 1 0 0 1
4445 2 1 0 1
4445 2 1 0 1
4001 1 0 0 1
4001 1 0 0 1
4001 2 0 1 1
4001 3 0 2 1
4445 1 0 1 0
4445 1 0 1 0
4890 3 1 2 0
4890 2 1 1 0
4001 2 0 1 1
4001 2 0 1 1
4445 1 0 1 0
4001 6 1 3 2
4445 2 0 2 0
3112 5 0 2 3
3112 4 0 1 3
4445 3 1 1 1
4445 0 0 0 0
3112 4 0 1 3
5329 5 3 1 1
4874 1 1 0 0
4867 1 1 0 0
4869 5 2 2 1
4001 3 0 2 1
4445 1 0 1 0
4890 4 2 1 1
5334 4 3 0 1
4890 6 2 3 1
4890 3 1 2 0
5334 4 2 2 0
4890 3 1 2 0
5334 4 2 2 0
4890 2 1 1 0
4445 2 0 2 0
4445 4 0 4 0
4445 6 1 4 1
4001 8 2 3 3
4445 4 0 4 0
4001 1 0 0 1
4890 1 1 0 0
4445 0 0 0 0
4445 2 1 0 1
4445 3 1 1 1
4283 6 2 2 2
4890 2 1 1 0
4445 4 1 2 1
3556 4 0 2 2
4890 7 3 2 2
4890 1 1 0 0
4445 2 0 2 0
4001 2 0 1 1
4445 1 0 1 0
4001 1 0 0 1
4445 3 1 1 1
3556 4 0 2 2
4445 4 1 2 1
4001 1 0 0 1
4890 1 1 0 0
4445 2 1 0 1
4890 1 1 0 0
5479 5 4 0 1
5334 3 2 1 0
4445 0 0 0 0
4445 0 0 0 0
4001 1 0 0 1
4445 1 0 1 0
4890 2 1 1 0
4890 1 1 0 0
4445 2 0 2 0
4001 1 0 0 1
4890 3 2 0 1
4445 0 0 0 0
4445 2 1 0 1
4445 0 0 0 0
4001 1 0 0 1
4445 0 0 0 0
4890 1 1 0 0
4445 0 0 0 0
4001 3 0 2 1
4374 4 1 2 1
4810 3 1 2 0
5691 3 3 0 0
4356 2 1 0 1
4445 0 0 0 0
4445 1 0 1 0
4445 1 0 1 0
4001 1 0 0 1
3556 2 0 0 2
4001 1 0 0 1
4001 1 0 0 1
4890 1 1 0 0
4890 1 1 0 0
4890 1 1 0 0
4890 1 1 0 0
4001 2 0 1 1
4445 2 0 2 0
3556 3 0 1 2
4445 4 1 2 1
4890 3 1 2 0
4445 3 1 1 1
4890 4 2 1 1
3556 3 0 1 2
3556 2 0 0 2
4445 4 2 0 2
4001 4 1 1 2
3556 5 1 1 3
4001 3 1 0 2
4001 2 0 1 1
4001 3 0 2 1
4445 3 0 3 0
4445 2 0 2 0
4445 1 0 1 0
4001 3 0 2 1
4001 3 0 2 1
4445 0 0 0 0
4001 1 0 0 1
4890 1 1 0 0
4445 1 0 1 0
4890 4 2 1 1
4445 0 0 0 0
4001 1 0 0 1
4001 3 1 0 2
4445 0 0 0 0
4890 4 2 1 1
4001 5 2 0 3
4890 3 2 0 1
4445 2 1 0 1
4001 1 0 0 1
4001 1 0 0 1
4445 2 1 0 1
4001 4 0 3 1
4445 1 0 1 0
4445 2 1 0 1
4890 4 2 1 1
4890 1 1 0 0
5334 3 2 1 0
4890 3 2 0 1
4445 2 1 0 1
4001 5 2 0 3
4001 2 0 1 1
3112 3 0 0 3
4445 2 1 0 1
4890 1 1 0 0
4445 0 0 0 0
4445 0 0 0 0
4001 5 1 2 2
3556 3 0 1 2
4890 1 1 0 0
5334 5 3 1 1
4001 3 0 2 1
3556 3 0 1 2
4001 7 1 4 2
4001 5 1 2 2
4001 3 0 2 1
4001 2 0 1 1
4445 1 0 1 0
4001 2 0 1 1
4445 1 0 1 0
4445 2 0 2 0
4445 2 0 2 0
4445 0 0 0 0
4890 1 1 0 0
4890 1 1 0 0
4445 1 0 1 0
3556 5 1 1 3
3556 2 0 0 2
4001 2 0 1 1
3556 3 0 1 2
3556 2 0 0 2
4890 2 1 1 0
4445 1 0 1 0
4890 2 1 1 0
4001 4 1 1 2
4445 0 0 0 0
4890 1 1 0 0
4890 1 1 0 0
4001 1 0 0 1
4001 2 0 1 1
4001 2 0 1 1
4445 0 0 0 0
4445 0 0 0 0
4890 1 1 0 0
4890 3 2 0 1
4001 1 0 0 1
5334 3 2 1 0
4890 1 1 0 0
4445 0 0 0 0
4445 1 0 1 0
4445 3 1 1 1
4445 5 1 3 1
4001 4 0 3 1
3556 6 0 4 2
3556 6 0 4 2
4445 4 0 4 0
5334 5 2 3 0
4445 4 1 2 1
4445 1 0 1 0
4445 0 0 0 0
4445 0 0 0 0
4445 3 1 1 1
4890 1 1 0 0
4001 2 0 1 1
4001 1 0 0 1
4890 1 1 0 0
4890 1 1 0 0
3556 2 0 0 2
4001 1 0 0 1
4001 1 0 0 1
5182 2 2 0 0
5176 2 2 0 0
4724 2 1 1 0
4720 1 1 0 0
4719 1 1 0 0
4445 1 0 1 0
4445 5 1 3 1
4890 3 1 2 0
5334 3 2 1 0
4445 1 0 1 0
5334 4 2 2 0
4445 1 0 1 0
4890 2 1 1 0
3556 6 0 4 2
4445 4 1 2 1
4001 1 0 0 1
4445 3 1 1 1
4890 2 1 1 0
3556 4 0 2 2
4445 0 0 0 0
4890 4 1 3 0
4445 2 0 2 0
4001 5 1 2 2
5334 3 2 1 0
4890 2 1 1 0
4445 1 0 1 0
4001 2 0 1 1
4445 1 0 1 0
4445 0 0 0 0
4890 2 1 1 0
4890 2 1 1 0
4890 1 1 0 0
5334 2 2 0 0
4574 4 2 1 1
5321 5 4 0 1
5003 4 3 0 1
4869 1 1 0 0
4445 2 1 0 1
4445 2 1 0 1
4001 1 0 0 1
4001 1 0 0 1
4445 0 0 0 0
4890 1 1 0 0
4445 0 0 0 0
4445 0 0 0 0
4001 1 0 0 1
4445 0 0 0 0
4890 1 1 0 0
4445 0 0 0 0
4001 2 0 1 1
4445 0 0 0 0
4445 0 0 0 0
4445 2 1 0 1
4445 4 1 2 1
5334 3 2 1 0
4445 0 0 0 0
4001 2 0 1 1
4001 3 0 2 1
